./cwk3 4 16
[sc22hl@feng-glinux-02 55]$ ./cwk3 4 16
Original matrix (only top-left shown if too large):
0.166 0.689 0.981 0.870 0.894 0.589 0.905 0.796 0.219 0.520 0.701 0.397 0.629 0.513 0.566 0.049 
0.937 0.928 0.074 0.399 0.114 0.097 0.560 0.558 0.985 0.303 0.764 0.690 0.983 0.626 0.371 0.149 
0.314 0.352 0.019 0.209 0.941 0.924 0.004 0.160 0.443 0.706 0.558 0.072 0.218 0.124 0.122 0.155 
0.052 0.195 0.554 0.166 0.293 0.114 0.724 0.278 0.417 0.488 0.968 0.400 0.114 0.340 0.549 0.428 

Transposed matrix (only top-left shown if too large):
0.166 0.937 0.314 0.052 
0.689 0.928 0.352 0.195 
0.981 0.074 0.019 0.554 
0.870 0.399 0.209 0.166 
0.894 0.114 0.941 0.293 
0.589 0.097 0.924 0.114 
0.905 0.560 0.004 0.724 
0.796 0.558 0.160 0.278 
0.219 0.985 0.443 0.417 
0.520 0.303 0.706 0.488 
0.701 0.764 0.558 0.968 
0.397 0.690 0.072 0.400 
0.629 0.983 0.218 0.114 
0.513 0.626 0.124 0.340 
0.566 0.371 0.122 0.549 
0.049 0.149 0.155 0.428 

./cwk3 8 32
sc22hl@feng-glinux-02 55]$ ./cwk3 8 32
Original matrix (only top-left shown if too large):
0.691 0.861 0.834 0.590 0.506 0.223 0.484 0.488 0.631 0.795 0.397 0.793 0.053 0.096 0.885 0.198 . . .
0.065 0.135 0.701 0.571 0.358 0.185 0.059 0.989 0.981 0.456 0.781 0.034 0.552 0.666 0.232 0.298 . . .
0.372 0.000 0.606 0.730 0.186 0.665 0.718 0.166 0.121 0.499 0.200 0.673 0.165 0.433 0.971 0.803 . . .
0.724 0.550 0.554 0.910 0.215 0.272 0.076 0.336 0.771 0.277 0.010 0.936 0.709 0.981 0.739 0.002 . . .
0.821 0.964 0.030 0.036 0.235 0.106 0.372 0.006 0.382 0.382 0.942 0.092 0.363 0.681 0.094 0.906 . . .
0.742 0.382 0.340 0.978 0.488 0.712 0.984 0.870 0.094 0.926 0.962 0.456 0.608 0.056 0.362 0.595 . . .
0.249 0.287 0.086 0.737 0.998 0.069 0.607 0.092 0.996 0.569 0.548 0.603 0.625 0.910 0.198 0.413 . . .
0.241 0.216 0.283 0.240 0.285 0.890 0.332 0.281 0.459 0.880 0.884 0.084 0.790 0.082 0.497 0.980 . . .

Transposed matrix (only top-left shown if too large):
0.691 0.065 0.372 0.724 0.821 0.742 0.249 0.241 
0.861 0.135 0.000 0.550 0.964 0.382 0.287 0.216 
0.834 0.701 0.606 0.554 0.030 0.340 0.086 0.283 
0.590 0.571 0.730 0.910 0.036 0.978 0.737 0.240 
0.506 0.358 0.186 0.215 0.235 0.488 0.998 0.285 
0.223 0.185 0.665 0.272 0.106 0.712 0.069 0.890 
0.484 0.059 0.718 0.076 0.372 0.984 0.607 0.332 
0.488 0.989 0.166 0.336 0.006 0.870 0.092 0.281 
0.631 0.981 0.121 0.771 0.382 0.094 0.996 0.459 
0.795 0.456 0.499 0.277 0.382 0.926 0.569 0.880 
0.397 0.781 0.200 0.010 0.942 0.962 0.548 0.884 
0.793 0.034 0.673 0.936 0.092 0.456 0.603 0.084 
0.053 0.552 0.165 0.709 0.363 0.608 0.625 0.790 
0.096 0.666 0.433 0.981 0.681 0.056 0.910 0.082 
0.885 0.232 0.971 0.739 0.094 0.362 0.198 0.497 
0.198 0.298 0.803 0.002 0.906 0.595 0.413 0.980 
  .     .     .     .     .     .     .     .   
  .     .     .     .     .     .     .     .   
  .     .     .     .     .     .     .     .   

./cwk3 32 8
[sc22hl@feng-glinux-02 55]$ 
./cwk3 32 8
Original matrix (only top-left shown if too large):
0.501 0.711 0.086 0.173 0.255 0.921 0.845 0.596 
0.438 0.906 0.079 0.872 0.180 0.082 0.730 0.934 
0.700 0.998 0.303 0.372 0.508 0.769 0.673 0.402 
0.173 0.476 0.654 0.015 0.685 0.178 0.517 0.186 
0.889 0.603 0.359 0.143 0.525 0.204 0.739 0.962 
0.109 0.818 0.835 0.290 0.900 0.565 0.224 0.600 
0.563 0.527 0.972 0.070 0.295 0.645 0.472 0.468 
0.121 0.126 0.483 0.806 0.304 1.000 0.992 0.192 
0.603 0.351 0.335 0.128 0.555 0.074 0.090 0.664 
0.892 0.925 0.954 0.792 0.489 0.177 0.392 0.052 
0.704 0.364 0.123 0.999 0.009 0.595 0.467 0.130 
0.721 0.950 0.935 0.025 0.950 0.927 0.217 0.554 
0.278 0.552 0.681 0.832 0.627 0.772 0.497 0.519 
0.697 0.450 0.311 0.186 0.628 0.703 0.238 0.332 
0.067 0.361 0.331 0.076 0.956 0.799 0.206 0.677 
0.749 0.141 0.702 0.699 0.068 0.919 0.252 0.346 
  .     .     .     .     .     .     .     .   
  .     .     .     .     .     .     .     .   
  .     .     .     .     .     .     .     .   

Transposed matrix (only top-left shown if too large):
0.501 0.438 0.700 0.173 0.889 0.109 0.563 0.121 0.603 0.892 0.704 0.721 0.278 0.697 0.067 0.749 . . .
0.711 0.906 0.998 0.476 0.603 0.818 0.527 0.126 0.351 0.925 0.364 0.950 0.552 0.450 0.361 0.141 . . .
0.086 0.079 0.303 0.654 0.359 0.835 0.972 0.483 0.335 0.954 0.123 0.935 0.681 0.311 0.331 0.702 . . .
0.173 0.872 0.372 0.015 0.143 0.290 0.070 0.806 0.128 0.792 0.999 0.025 0.832 0.186 0.076 0.699 . . .
0.255 0.180 0.508 0.685 0.525 0.900 0.295 0.304 0.555 0.489 0.009 0.950 0.627 0.628 0.956 0.068 . . .
0.921 0.082 0.769 0.178 0.204 0.565 0.645 1.000 0.074 0.177 0.595 0.927 0.772 0.703 0.799 0.919 . . .
0.845 0.730 0.673 0.517 0.739 0.224 0.472 0.992 0.090 0.392 0.467 0.217 0.497 0.238 0.206 0.252 . . .
0.596 0.934 0.402 0.186 0.962 0.600 0.468 0.192 0.664 0.052 0.130 0.554 0.519 0.332 0.677 0.346 . .
./cwk3 64 16
sc22hl@feng-glinux-02 55]$ ./cwk3 64 16
Original matrix (only top-left shown if too large):
0.669 0.973 0.640 0.075 0.436 0.339 0.565 0.497 0.549 0.599 0.269 0.612 0.707 0.619 0.564 0.128 
0.833 0.287 0.170 0.610 0.958 0.857 0.731 0.828 0.269 0.565 0.854 0.431 0.039 0.960 0.345 0.707 
0.933 0.985 0.783 0.369 0.324 0.348 0.865 0.873 0.948 0.134 0.486 0.655 0.753 0.050 0.782 0.586 
0.336 0.952 0.197 0.295 0.809 0.928 0.123 0.079 0.492 0.977 0.510 0.531 0.936 0.855 0.239 0.869 
0.841 0.022 0.238 0.165 0.370 0.103 0.038 0.318 0.237 0.524 0.972 0.990 0.574 0.755 0.576 0.910 
0.707 0.773 0.205 0.516 0.700 0.328 0.595 0.193 0.305 0.105 0.724 0.241 0.960 0.962 0.110 0.801 
0.984 0.348 0.966 0.354 0.451 0.004 0.671 0.688 0.528 0.644 0.678 0.102 0.398 0.254 0.012 0.106 
0.027 0.217 0.622 0.727 0.544 0.217 0.920 0.849 0.322 0.643 0.090 0.282 0.606 0.200 0.083 0.589 
0.547 0.049 0.943 0.998 0.053 0.614 0.686 0.581 0.257 0.363 0.683 0.656 0.617 0.694 0.761 0.644 
0.911 0.383 0.371 0.455 0.600 0.291 0.304 0.923 0.934 0.394 0.205 0.540 0.593 0.288 0.129 0.141 
0.337 0.072 0.139 0.390 0.685 0.824 0.971 0.943 0.188 0.653 0.599 0.805 0.348 0.360 0.449 0.259 
0.743 0.820 0.714 0.344 0.111 0.018 0.266 0.045 0.411 0.471 0.585 0.005 0.759 0.714 0.145 0.097 
0.786 0.284 0.487 0.471 0.108 0.457 0.414 0.296 0.111 0.013 0.101 0.459 0.373 0.550 0.717 0.116 
0.370 0.431 0.460 0.482 0.448 0.726 0.527 0.860 0.198 0.112 0.864 0.957 0.826 0.009 0.053 0.612 
0.293 0.540 0.083 0.401 0.997 0.497 0.697 0.108 0.509 0.798 0.567 0.882 0.348 0.284 0.998 0.719 
0.715 0.457 0.200 0.163 0.184 0.728 0.022 0.381 0.840 0.887 0.338 0.666 0.896 0.391 0.277 0.189 
  .     .     .     .     .     .     .     .     .     .     .     .     .     .     .     .   
  .     .     .     .     .     .     .     .     .     .     .     .     .     .     .     .   
  .     .     .     .     .     .     .     .     .     .     .     .     .     .     .     .   

Transposed matrix (only top-left shown if too large):
0.669 0.833 0.933 0.336 0.841 0.707 0.984 0.027 0.547 0.911 0.337 0.743 0.786 0.370 0.293 0.715 . . .
0.973 0.287 0.985 0.952 0.022 0.773 0.348 0.217 0.049 0.383 0.072 0.820 0.284 0.431 0.540 0.457 . . .
0.640 0.170 0.783 0.197 0.238 0.205 0.966 0.622 0.943 0.371 0.139 0.714 0.487 0.460 0.083 0.200 . . .
0.075 0.610 0.369 0.295 0.165 0.516 0.354 0.727 0.998 0.455 0.390 0.344 0.471 0.482 0.401 0.163 . . .
0.436 0.958 0.324 0.809 0.370 0.700 0.451 0.544 0.053 0.600 0.685 0.111 0.108 0.448 0.997 0.184 . . .
0.339 0.857 0.348 0.928 0.103 0.328 0.004 0.217 0.614 0.291 0.824 0.018 0.457 0.726 0.497 0.728 . . .
0.565 0.731 0.865 0.123 0.038 0.595 0.671 0.920 0.686 0.304 0.971 0.266 0.414 0.527 0.697 0.022 . . .
0.497 0.828 0.873 0.079 0.318 0.193 0.688 0.849 0.581 0.923 0.943 0.045 0.296 0.860 0.108 0.381 . . .
0.549 0.269 0.948 0.492 0.237 0.305 0.528 0.322 0.257 0.934 0.188 0.411 0.111 0.198 0.509 0.840 . . .
0.599 0.565 0.134 0.977 0.524 0.105 0.644 0.643 0.363 0.394 0.653 0.471 0.013 0.112 0.798 0.887 . . .
0.269 0.854 0.486 0.510 0.972 0.724 0.678 0.090 0.683 0.205 0.599 0.585 0.101 0.864 0.567 0.338 . . .
0.612 0.431 0.655 0.531 0.990 0.241 0.102 0.282 0.656 0.540 0.805 0.005 0.459 0.957 0.882 0.666 . . .
0.707 0.039 0.753 0.936 0.574 0.960 0.398 0.606 0.617 0.593 0.348 0.759 0.373 0.826 0.348 0.896 . . .
0.619 0.960 0.050 0.855 0.755 0.962 0.254 0.200 0.694 0.288 0.360 0.714 0.550 0.009 0.284 0.391 . . .
0.564 0.345 0.782 0.239 0.576 0.110 0.012 0.083 0.761 0.129 0.449 0.145 0.717 0.053 0.998 0.277 . . .
0.128 0.707 0.586 0.869 0.910 0.801 0.106 0.589 0.644 0.141 0.259 0.097 0.116 0.612 0.719 0.189 . . .

./cwk3 16 64
[sc22hl@feng-glinux-02 55]$ ./cwk3 16 64
Original matrix (only top-left shown if too large):
0.620 0.408 0.087 0.838 0.248 0.813 0.065 0.306 0.547 0.625 0.439 0.025 0.932 0.550 0.411 0.903 . . .
0.000 0.459 0.629 0.339 0.189 0.695 0.224 0.544 0.199 0.134 0.832 0.253 0.455 0.021 0.410 0.318 . . .
0.816 0.626 0.881 0.183 0.820 0.743 0.750 0.148 0.437 0.570 0.931 0.153 0.799 0.032 0.229 0.620 . . .
0.945 0.104 0.570 0.810 0.697 0.809 0.112 0.860 0.979 0.568 0.823 0.182 0.252 0.405 0.957 0.280 . . .
0.086 0.995 0.262 0.172 0.409 0.003 0.237 0.389 0.566 0.484 0.622 0.535 0.688 0.135 0.085 0.301 . . .
0.982 0.297 0.116 0.618 0.961 0.269 0.821 0.109 0.045 0.559 0.944 0.955 0.381 0.081 0.397 0.079 . . .
0.235 0.443 0.264 0.155 0.967 0.873 0.120 0.050 0.427 0.040 0.514 0.063 0.358 0.057 0.295 0.899 . . .
0.088 0.374 0.714 0.548 0.251 0.237 0.434 0.167 0.273 0.384 0.441 0.367 0.628 0.614 0.644 0.190 . . .
0.419 0.284 0.983 0.230 0.473 0.715 0.314 0.047 0.889 0.765 0.249 0.677 0.860 0.641 0.002 0.738 . . .
0.482 0.993 0.514 0.970 0.524 0.101 0.346 0.821 0.937 0.399 0.977 0.414 0.454 0.872 0.792 0.657 . . .
0.355 0.409 0.138 0.431 0.696 0.307 0.444 0.382 0.452 0.872 0.523 0.469 0.091 0.320 0.524 0.860 . . .
0.940 0.589 0.090 0.030 0.107 0.671 0.572 0.496 0.774 0.583 0.977 0.198 0.119 0.317 0.331 0.546 . . .
0.379 0.779 0.908 0.488 0.740 0.779 0.371 0.284 0.627 0.451 0.948 0.792 0.862 0.158 0.288 0.296 . . .
0.858 0.927 0.534 0.784 0.363 0.597 0.338 0.249 0.609 0.683 0.999 0.778 0.317 0.044 0.408 0.834 . . .
0.025 0.179 0.328 0.246 0.959 0.495 0.076 0.422 0.661 0.684 0.203 0.871 0.700 0.817 0.599 0.285 . . .
0.590 0.894 0.764 0.631 0.300 0.783 0.332 0.390 0.005 0.904 0.180 0.044 0.075 0.255 0.094 0.419 . . .

Transposed matrix (only top-left shown if too large):
0.620 0.000 0.816 0.945 0.086 0.982 0.235 0.088 0.419 0.482 0.355 0.940 0.379 0.858 0.025 0.590 
0.408 0.459 0.626 0.104 0.995 0.297 0.443 0.374 0.284 0.993 0.409 0.589 0.779 0.927 0.179 0.894 
0.087 0.629 0.881 0.570 0.262 0.116 0.264 0.714 0.983 0.514 0.138 0.090 0.908 0.534 0.328 0.764 
0.838 0.339 0.183 0.810 0.172 0.618 0.155 0.548 0.230 0.970 0.431 0.030 0.488 0.784 0.246 0.631 
0.248 0.189 0.820 0.697 0.409 0.961 0.967 0.251 0.473 0.524 0.696 0.107 0.740 0.363 0.959 0.300 
0.813 0.695 0.743 0.809 0.003 0.269 0.873 0.237 0.715 0.101 0.307 0.671 0.779 0.597 0.495 0.783 
0.065 0.224 0.750 0.112 0.237 0.821 0.120 0.434 0.314 0.346 0.444 0.572 0.371 0.338 0.076 0.332 
0.306 0.544 0.148 0.860 0.389 0.109 0.050 0.167 0.047 0.821 0.382 0.496 0.284 0.249 0.422 0.390 
0.547 0.199 0.437 0.979 0.566 0.045 0.427 0.273 0.889 0.937 0.452 0.774 0.627 0.609 0.661 0.005 
0.625 0.134 0.570 0.568 0.484 0.559 0.040 0.384 0.765 0.399 0.872 0.583 0.451 0.683 0.684 0.904 
0.439 0.832 0.931 0.823 0.622 0.944 0.514 0.441 0.249 0.977 0.523 0.977 0.948 0.999 0.203 0.180 
0.025 0.253 0.153 0.182 0.535 0.955 0.063 0.367 0.677 0.414 0.469 0.198 0.792 0.778 0.871 0.044 
0.932 0.455 0.799 0.252 0.688 0.381 0.358 0.628 0.860 0.454 0.091 0.119 0.862 0.317 0.700 0.075 
0.550 0.021 0.032 0.405 0.135 0.081 0.057 0.614 0.641 0.872 0.320 0.317 0.158 0.044 0.817 0.255 
0.411 0.410 0.229 0.957 0.085 0.397 0.295 0.644 0.002 0.792 0.524 0.331 0.288 0.408 0.599 0.094 
0.903 0.318 0.620 0.280 0.301 0.079 0.899 0.190 0.738 0.657 0.860 0.546 0.296 0.834 0.285 0.419 
  .     .     .     .     .     .     .     .     .     .     .     .     .     .     .     .   
  .     .     .     .     .     .     .     .     .     .     .     .     .     .     .     .   
  .     .     .     .     .     .     .     .     .     .     .     .     .  
